Recall for each tag : 
DEM  :  0.9240780911062907
NNP  :  0.7392832044975404
PSP  :  0.9791144527986633
INTF  :  0.8846153846153846
JJ  :  0.8339368856699431
NN  :  0.8458431973262777
QC  :  0.836424957841484
VM  :  0.9083173208893769
SYM  :  0.9917355371900827
PRP  :  0.9443620178041543
NNC  :  0.5898942420681551
VAUX  :  0.9783393501805054
CC  :  0.9728471683475562
NNPC  :  0.7273869346733668
NST  :  0.968
RP  :  0.8829568788501027
NSTC  :  1.0
QF  :  0.8928571428571429
JJC  :  0.3958333333333333
WQ  :  0.8095238095238095
NEG  :  0.9368421052631579
RB  :  0.6962962962962963
RDP  :  0.625
RBC  :  0
QO  :  0.7543859649122807
CCC  :  1.0
QCC  :  0.9696969696969697
UNK  :  0.2857142857142857
PRPC  :  0
QFC  :  0
INJ  :  0

Precision for each tag : 
DEM  :  0.7580071174377224
NNP  :  0.8402555910543131
PSP  :  0.9859786876051598
INTF  :  0.18548387096774194
JJ  :  0.902070509233352
NN  :  0.9259146341463415
QC  :  0.6578249336870027
VM  :  0.9214703425229741
SYM  :  0.9970918155380141
PRP  :  0.9471726190476191
NNC  :  0.7080394922425952
VAUX  :  0.9025811823480433
CC  :  0.940735183795949
NNPC  :  0.7787491593813046
NST  :  0.9029850746268657
RP  :  0.947136563876652
NSTC  :  0.04878048780487805
QF  :  0.8865248226950354
JJC  :  0.16964285714285715
WQ  :  0.40476190476190477
NEG  :  0.572347266881029
RB  :  0.7833333333333333
RDP  :  0.06369426751592357
RBC  :  0
QO  :  0.8958333333333334
CCC  :  0.005128205128205128
QCC  :  0.26373626373626374
UNK  :  0.06896551724137931
PRPC  :  0
QFC  :  0
INJ  :  0

F-measure for each tag : 
DEM  :  0.8328445747800587
NNP  :  0.7865420560747663
PSP  :  0.9825345815285734
INTF  :  0.3066666666666667
JJ  :  0.8666666666666667
NN  :  0.8840695728112945
QC  :  0.7364513734224203
VM  :  0.914846557920929
SYM  :  0.9944064636420137
PRP  :  0.9457652303120356
NNC  :  0.6435897435897435
VAUX  :  0.9389346037245561
CC  :  0.9565217391304348
NNPC  :  0.752192270217603
NST  :  0.9343629343629344
RP  :  0.9139213602550478
NSTC  :  0.09302325581395349
QF  :  0.8896797153024911
JJC  :  0.2375
WQ  :  0.5396825396825397
NEG  :  0.7105788423153693
RB  :  0.7372549019607842
RDP  :  0.11560693641618497
RBC  :  0
QO  :  0.819047619047619
CCC  :  0.010204081632653062
QCC  :  0.4146868250539957
UNK  :  0.1111111111111111
PRPC  :  0
QFC  :  0
INJ  :  0

Micro Measures : 
Recall :  0.8878633926051369
Precision :  0.8878633926051369
F-measure :  0.8878633926051369

Macro Measures : 
Recall :  0.7217188881114889
Precision :  0.5633627431317999
F-measure :  0.6327839768173393
