HMM NORMAL
Recall for each tag : 
DEM  :  0.9240780911062907
NNP  :  0.7392832044975404
PSP  :  0.9791144527986633
INTF  :  0.8846153846153846
JJ  :  0.8339368856699431
NN  :  0.844450633616488
QC  :  0.8397976391231029
VM  :  0.9006313477902828
SYM  :  0.9917355371900827
PRP  :  0.9443620178041543
NNC  :  0.5898942420681551
VAUX  :  0.9783393501805054
CC  :  0.9728471683475562
NNPC  :  0.7286432160804021
NST  :  0.968
RP  :  0.8829568788501027
NSTC  :  1.0
QF  :  0.8892857142857142
JJC  :  0.3958333333333333
WQ  :  0.8095238095238095
NEG  :  0.9368421052631579
RB  :  0.6962962962962963
RDP  :  0.625
RBC  :  0
QO  :  0.7543859649122807
CCC  :  1.0
QCC  :  0.9696969696969697
UNK  :  0.2857142857142857
PRPC  :  0
QFC  :  0
INJ  :  0

Precision for each tag : 
DEM  :  0.7648114901256733
NNP  :  0.8405912904514582
PSP  :  0.9865319865319865
INTF  :  0.18548387096774194
JJ  :  0.9010620458356624
NN  :  0.9263672471738467
QC  :  0.6467532467532467
VM  :  0.9234449760765551
SYM  :  0.995850622406639
PRP  :  0.9443620178041543
NNC  :  0.7090395480225988
VAUX  :  0.9063545150501672
CC  :  0.9414414414414415
NNPC  :  0.7764390896921017
NST  :  0.8979591836734694
RP  :  0.9409190371991247
NSTC  :  0.043478260869565216
QF  :  0.8829787234042553
JJC  :  0.1557377049180328
WQ  :  0.4473684210526316
NEG  :  0.5579937304075235
RB  :  0.7966101694915254
RDP  :  0.062111801242236024
RBC  :  0
QO  :  0.9148936170212766
CCC  :  0.005208333333333333
QCC  :  0.25196850393700787
UNK  :  0.07407407407407407
PRPC  :  0
QFC  :  0
INJ  :  0

F-measure for each tag : 
DEM  :  0.8369351669941061
NNP  :  0.7866891007664985
PSP  :  0.9828092243186584
INTF  :  0.3066666666666667
JJ  :  0.8662009672219236
NN  :  0.8835142420048081
QC  :  0.7307410124724872
VM  :  0.9118954974986103
SYM  :  0.9937888198757764
PRP  :  0.9443620178041543
NNC  :  0.6440025657472738
VAUX  :  0.9409722222222222
CC  :  0.9568866844715758
NNPC  :  0.7517822423849644
NST  :  0.9316650625601539
RP  :  0.9110169491525424
NSTC  :  0.08333333333333333
QF  :  0.8861209964412812
JJC  :  0.2235294117647059
WQ  :  0.576271186440678
NEG  :  0.6994106090373281
RB  :  0.7430830039525692
RDP  :  0.11299435028248586
RBC  :  0
QO  :  0.8269230769230769
CCC  :  0.010362694300518135
QCC  :  0.39999999999999997
UNK  :  0.11764705882352941
PRPC  :  0
QFC  :  0
INJ  :  0

Micro Measures : 
Recall :  0.8868755292125318
Precision :  0.8868755292125318
F-measure :  0.8868755292125318

Macro Measures : 
Recall :  0.7214601460891774
Precision :  0.5638656435147524
F-measure :  0.6330015204474779