F1-Score :  0.8966316347617271

Recall for each tag : 
DEM  :  0.9587852494577006
NNP  :  0.719255094869993
PSP  :  0.9873294346978557
INTF  :  0.9230769230769231
JJ  :  0.91722710812209
NN  :  0.9023812839437404
QC  :  0.8752107925801011
VM  :  0.9516881690914082
SYM  :  1.0
PRP  :  0.956973293768546
NNC  :  0.6286721504112809
VAUX  :  0.9833032490974729
CC  :  0.9906904577191621
NNPC  :  0.6469849246231156
NST  :  0.976
RP  :  0.9260780287474333
NSTC  :  1.0
QF  :  0.9571428571428572
JJC  :  0.4583333333333333
WQ  :  1.0
NEG  :  1.0
RB  :  0.8222222222222222
RDP  :  0.625
RBC  :  0
QO  :  0.8596491228070176
CCC  :  1.0
QCC  :  0.5656565656565656
UNK  :  0.5714285714285714
PRPC  :  0.75
QFC  :  0
INJ  :  0

Precision for each tag : 
DEM  :  0.9151138716356108
NNP  :  0.8500830564784053
PSP  :  0.9929981795266769
INTF  :  0.8
JJ  :  0.9110996916752312
NN  :  0.9333141293389025
QC  :  0.9185840707964602
VM  :  0.9813189923577696
SYM  :  1.0
PRP  :  0.9772727272727273
NNC  :  0.7348901098901099
VAUX  :  0.947391304347826
CC  :  0.9711026615969581
NNPC  :  0.8110236220472441
NST  :  0.9838709677419355
RP  :  0.9657387580299786
NSTC  :  1.0
QF  :  0.9403508771929825
JJC  :  0.6666666666666666
WQ  :  0.9545454545454546
NEG  :  0.9947643979057592
RB  :  0.9024390243902439
RDP  :  0.8333333333333334
RBC  :  0
QO  :  0.9423076923076923
CCC  :  1.0
QCC  :  0.875
UNK  :  0.0031397174254317113
PRPC  :  0.75
QFC  :  0
INJ  :  0

F-measure for each tag : 
DEM  :  0.9364406779661018
NNP  :  0.7792158355538638
PSP  :  0.9901556936396008
INTF  :  0.8571428571428571
JJ  :  0.91415313225058
NN  :  0.9175870858113848
QC  :  0.8963730569948186
VM  :  0.9662764771460424
SYM  :  1.0
PRP  :  0.967016491754123
NNC  :  0.6776440785307156
VAUX  :  0.9650132860938884
CC  :  0.9807987711213517
NNPC  :  0.7197763801537387
NST  :  0.9799196787148594
RP  :  0.9454926624737946
NSTC  :  1.0
QF  :  0.9486725663716815
JJC  :  0.5432098765432098
WQ  :  0.9767441860465117
NEG  :  0.9973753280839895
RB  :  0.8604651162790697
RDP  :  0.7142857142857143
RBC  :  0
QO  :  0.8990825688073394
CCC  :  1.0
QCC  :  0.6871165644171778
UNK  :  0.006245120999219361
PRPC  :  0.75
QFC  :  0
INJ  :  0

Micro Measures : 
Recall :  0.9102455546147333
Precision :  0.9102455546147333
F-measure :  0.9102455546147333

Macro Measures : 
Recall :  0.7726802849289481
Precision :  0.7921403002097871
F-measure :  0.7822892907758306
