TNT NORMAL
Recall for each tag : 
DEM  :  0.9587852494577006
NNP  :  0.7171468728039353
PSP  :  0.9873294346978557
INTF  :  0.9230769230769231
JJ  :  0.9156751163993792
NN  :  0.8851134939423478
QC  :  0.8735244519392917
VM  :  0.9313752401866593
SYM  :  1.0
PRP  :  0.956973293768546
NNC  :  0.6286721504112809
VAUX  :  0.9824007220216606
CC  :  0.9906904577191621
NNPC  :  0.6451005025125628
NST  :  0.976
RP  :  0.9260780287474333
NSTC  :  1.0
QF  :  0.95
JJC  :  0.4583333333333333
WQ  :  1.0
NEG  :  1.0
RB  :  0.8222222222222222
RDP  :  0.625
RBC  :  0
QO  :  0.8596491228070176
CCC  :  1.0
QCC  :  0.5656565656565656
UNK  :  0.5714285714285714
PRPC  :  0.75
QFC  :  0
INJ  :  0

Precision for each tag : 
DEM  :  0.9151138716356108
NNP  :  0.8564834242551406
PSP  :  0.9934155225553376
INTF  :  0.8
JJ  :  0.9213951067152525
NN  :  0.935256032960565
QC  :  0.9184397163120568
VM  :  0.9849056603773585
SYM  :  1.0
PRP  :  0.9772727272727273
NNC  :  0.7409972299168975
VAUX  :  0.948170731707317
CC  :  0.9711026615969581
NNPC  :  0.8144329896907216
NST  :  0.9858585858585859
RP  :  0.9761904761904762
NSTC  :  1.0
QF  :  0.9432624113475178
JJC  :  0.6666666666666666
WQ  :  0.9545454545454546
NEG  :  1.0
RB  :  0.9327731092436975
RDP  :  0.8333333333333334
RBC  :  0
QO  :  0.9423076923076923
CCC  :  1.0
QCC  :  0.875
UNK  :  0.002506265664160401
PRPC  :  0.75
QFC  :  0
INJ  :  0

F-measure for each tag : 
DEM  :  0.9364406779661018
NNP  :  0.7806463951042264
PSP  :  0.9903631284916201
INTF  :  0.8571428571428571
JJ  :  0.9185262065386611
NN  :  0.9094941689919153
QC  :  0.8954191875540191
VM  :  0.957392776523702
SYM  :  1.0
PRP  :  0.967016491754123
NNC  :  0.6802288620470439
VAUX  :  0.9649822695035462
CC  :  0.9807987711213517
NNPC  :  0.7199439186820891
NST  :  0.9809045226130653
RP  :  0.9504741833508955
NSTC  :  1.0
QF  :  0.9466192170818505
JJC  :  0.5432098765432098
WQ  :  0.9767441860465117
NEG  :  1.0
RB  :  0.874015748031496
RDP  :  0.7142857142857143
RBC  :  0
QO  :  0.8990825688073394
CCC  :  1.0
QCC  :  0.6871165644171778
UNK  :  0.004990642545227698
PRPC  :  0.75
QFC  :  0
INJ  :  0

Micro Measures : 
Recall :  0.9041772509173017
Precision :  0.9041772509173017
F-measure :  0.9041772509173017

Macro Measures : 
Recall :  0.7709752178429822
Precision :  0.7948203119404363
F-measure :  0.7827161995143336